126.259370 8.322751 8546.765625 
126.143683 8.339034 9823.000000 
126.143683 8.322751 12229.664062 
126.143683 8.306467 7575.587891 
126.027995 8.339034 12508.201172 
126.027995 8.322751 14634.982422 
126.027995 8.306467 8942.397461 
125.912308 8.355317 8234.490234 
125.912308 8.339034 14534.867188 
125.912308 8.322751 16209.717773 
125.912308 8.306467 9595.166992 
125.796621 8.355317 8690.666992 
125.796621 8.339034 15913.154297 
125.796621 8.322751 16936.646484 
125.796621 8.306467 9637.916016 
125.680933 8.355317 9047.076172 
125.680933 8.339034 16854.640625 
125.680933 8.322751 17054.074219 
125.680933 8.306467 9409.479492 
125.565246 8.355317 8845.954102 
125.565246 8.339034 16777.105469 
125.565246 8.322751 16061.916016 
125.565246 8.306467 8468.708008 
125.449558 8.339034 14942.984375 
125.449558 8.322751 13339.548828 
125.333871 8.339034 13468.214844 
125.333871 8.322751 11109.811523 
125.218184 8.339034 11353.760742 
125.218184 8.322751 8477.578125 
125.102496 8.339034 8906.444336 
