124.087928 7.966255 0.878289 0.037811 91114.474431 0.000000 0.01697335694 3428.480826 
121.981100 7.839414 0.997172 0.051794 37158.774230 0.000000 0.00817688159 2174.579241 
122.520977 7.776287 0.898071 0.039874 27412.237959 0.000000 0.01877509246 1112.263673 
115.095213 8.909173 0.930670 0.039057 59541.464228 0.000000 0.02050317946 2452.343163 
119.333423 8.905770 0.915569 0.042063 39660.859154 0.000000 0.02937587335 1730.683403 
130.078227 9.567500 1.252129 0.064289 92820.466363 1.000000 0.1098720889 18436.23458 
122.269864 9.234944 0.888717 0.041856 58004.137062 0.000000 0.01378613181 2444.834018 
121.944922 9.167573 0.910140 0.046579 42960.744683 0.000000 0.01410502006 2063.65669 
120.288483 7.836492 0.917863 0.053314 35790.163981 0.000000 0.02304602219 1984.489063 
131.228426 9.161127 1.377834 0.038595 44225.517480 1.000000 0.02959328106 5802.875558 
124.284635 7.748204 0.862221 0.040040 71965.914793 0.000000 0.02289595458 2815.133719 
112.630456 6.898854 0.951689 0.033469 75937.434908 0.000000 0.02400821117 2740.639166 
130.503287 8.601419 0.959692 0.045637 35526.159500 0.000000 0.01475365307 1763.050916 
112.637461 7.581462 0.934898 0.030177 88070.846024 0.000000 0.01587984651 2815.335349 
115.291496 8.092767 0.923388 0.041645 52631.727337 0.018660 0.03116176638 2343.705509 
122.080855 7.396588 0.888103 0.040449 71612.256500 0.000000 0.01812193993 2914.896785 
119.713280 7.688210 0.886939 0.041147 69207.703744 0.000000 0.02536924486 2861.849584 
132.661493 9.335190 0.901724 0.045922 -38545.917352 0.022155 0.01874838906 -1855.779491 
125.703485 9.154569 0.944770 0.060733 24451.917454 0.064142 0.03694907029 1709.824997 
119.270889 8.663668 0.968568 0.042478 38745.411501 0.284708 0.02561664588 2411.813576 
123.378585 8.843828 0.912412 0.042872 56665.182488 0.000000 0.05769261763 2511.557454 
120.323728 7.557680 0.905264 0.035972 52281.776281 0.000000 0.04894254225 1929.121195 
115.523016 7.779207 0.909175 0.039823 56655.185272 0.000000 0.007141084965 2324.26827 
117.284775 7.753713 0.908038 0.043190 52757.383401 0.078119 0.0265898053 2560.104552 
116.485734 7.818562 1.788495 0.048270 31534.008056 1.000000 0.0519142282 6717.089399 
118.487455 9.389958 0.903242 0.035375 87211.291090 0.000000 0.01757629491 3157.430667 
114.650901 8.628242 0.928587 0.050527 32901.305617 0.000000 0.03072596655 1749.145851 
125.716996 8.328744 1.758991 0.046383 18805.617361 0.895288 0.03115052941 3571.385694 
112.056180 7.241292 0.894484 0.040839 60116.894272 0.000000 0.01798980395 2488.352718 
123.500827 8.625033 0.931822 0.038354 48966.566090 0.000000 0.01782558617 1982.937825 
126.958814 9.042462 0.899768 0.042244 59791.704453 0.000000 0.01687943389 2575.156933 
114.078888 8.010161 1.557731 0.055021 18955.654386 0.871943 0.01655575347 3731.094388 
126.150165 9.401598 0.934482 0.045098 47937.567276 0.000000 0.01890381342 2289.10857 
126.790761 9.341161 0.956756 0.048755 46738.398861 0.085093 0.0138106098 2717.864784 
129.544053 9.965645 0.930658 0.049952 35297.093712 0.000000 0.05955606657 1859.284296 
107.361363 7.808739 0.893382 0.039177 62583.075822 0.000000 0.01523930933 2481.945486 
108.029155 7.601787 0.898395 0.044591 46604.299462 0.000000 0.02442666512 2115.476388 
120.391675 9.089165 0.971954 0.039374 58316.091957 0.000000 0.03848684526 2528.791019 
124.559650 8.967651 0.900139 0.041861 34691.829206 0.000000 0.02612849886 1481.17364 
112.041176 8.387743 0.933719 0.035363 67159.128358 0.028010 0.003604431204 2595.551037 
112.938819 8.330251 1.411232 0.032540 43968.397174 1.000000 0.0266029363 4981.899425 
113.397479 8.406592 1.556938 0.041650 23246.960855 0.719955 0.01478324651 3156.287101 
119.654641 7.173938 0.917097 0.035502 45710.759600 0.000000 0.016600065 1686.381712 
119.650781 7.233017 0.694768 0.047978 16099.230449 0.000000 0.1023920823 608.0650263 
127.519272 8.379620 0.705312 0.045545 52684.736077 0.000000 0.07531709831 1917.643858 
118.396580 8.534676 0.921405 0.047293 39567.847206 0.005654 0.04017530265 1966.707753 
116.533718 7.580263 0.936877 0.048563 18487.014188 0.000000 0.03692633098 953.0594241 
124.259637 8.718505 1.306676 0.045896 50627.018364 1.000000 0.03483404139 7491.394436 
126.211359 8.478232 1.204267 0.030468 108917.675392 0.951262 0.04481587845 9600.760754 
116.865526 7.074102 1.316103 0.036695 30821.145536 1.000000 0.02080349172 3672.744962 
133.906282 7.727452 0.945547 0.044195 -46026.446250 0.064866 0.01992843466 -2345.809951 
121.677085 8.920166 1.357965 0.043546 48474.803581 0.855837 0.03594146247 6521.494662 
114.588941 7.372354 1.518762 0.088631 -14726.056268 1.000000 0.01664384927 -4891.037521 
114.517162 7.260186 1.360159 0.128639 -10830.787851 0.720666 0.02748598929 -3969.543457 
114.913325 7.609274 0.859365 0.034267 125805.491283 0.000000 0.01573118965 4197.812149 
125.781232 8.788697 0.879687 0.038578 73249.344327 0.000000 0.02281911139 2816.692906 
116.263396 7.959018 0.961108 0.042923 27593.975318 0.000000 0.02040977671 1289.864832 
125.038059 8.239707 1.426530 0.034629 32327.230363 0.895288 0.02663149043 3717.165527 
114.564118 9.683641 0.923094 0.042649 40340.101489 0.000000 0.02916248698 1799.52537 
121.254870 8.014308 0.949695 0.044172 59605.453666 0.000000 0.01443095978 2833.227481 
119.987102 8.992998 0.909996 0.042312 60038.867042 0.000000 0.02815606176 2619.397692 
