0 0 0   Model: 123.484823 65.407751 8.625245 0.803017 2.064931 0.038647 154434.080006 0.622513 0.03372035539 28111.19008 1000000 
0 0 0   Model: 121.875219 35.959272 8.290422 0.631181 2.715052 0.042483 -97942.995118 0.398768 0.04617608054 -15878.14229 1000000 
0 0 0   Model: 126.827392 54.699744 9.335604 0.820495 2.260560 0.045173 219661.865533 1.000000 0.01777966507 71331.45697 1000000 
0 0 0   Model: 122.086721 56.943866 7.399409 0.658026 1.878417 0.038673 109937.113519 0.755627 0.02438650243 16845.65321 1000000 
0 0 0   Model: 119.266951 54.272370 8.904237 0.824246 2.033518 0.040656 173666.438417 0.718852 0.03454616724 36742.37613 1000000 
0 0 0   Model: 114.903083 45.857546 7.609437 0.511867 1.739902 0.035367 2340450.798057 0.286781 0.01926862493 141514.4717 1000000 
0 0 0   Model: 112.058687 59.112572 7.238018 0.745103 2.106199 0.047761 479809.030136 1.000000 0.03069420759 139386.5055 1000000 
0 0 0   Model: 119.316234 32.401685 8.906315 0.853798 2.483726 0.033705 -129838.711448 0.957149 0.0361299382 -34877.00226 1000000 
0 0 0   Model: 118.432697 35.660371 8.533108 0.764481 2.028570 0.043883 -142848.120545 0.768202 0.0223678077 -31497.26625 1000000 
0 0 0   Model: 126.185285 58.097432 8.470108 0.821451 2.455212 0.020109 654231.576860 1.000000 0.04821177586 102837.5903 1000000 
0 0 0   Model: 127.534576 63.237803 8.373426 0.810325 3.489391 0.042976 246270.535467 1.000000 0.02876038862 115985.6823 1000000 
0 0 0   Model: 122.592011 32.970078 8.270566 1.962648 2.379144 0.052586 -218319.626112 1.000000 0.09791215753 -207769.5111 1000000 
0 0 0   Model: 122.378169 30.534081 8.266287 0.644557 1.667486 0.039722 -132719.938674 0.530020 0.01248202574 -14657.06109 1000000 
0 0 0   Model: 119.990147 57.028034 8.989968 0.845715 2.158664 0.035961 293274.065040 1.000000 0.04354682738 74622.77877 1000000 
0 0 0   Model: 125.764202 62.641668 8.790361 0.535788 0.607913 0.028957 538571.724661 0.225281 0.06093580101 8894.187475 1000000 
0 0 0   Model: 122.059371 65.909518 7.397737 0.497641 1.642055 0.042025 250829.064548 0.109344 0.01932284376 12343.17324 1000000 
0 0 0   Model: 108.037327 44.912322 7.604892 0.704835 1.972966 0.040420 711368.860333 0.854867 0.031100163 139057.6648 1000000 
0 0 0   Model: 122.178178 45.427525 8.351158 0.908258 2.020645 0.054783 80655.349825 1.000000 0.04413474171 31429.75133 1000000 
0 0 0   Model: 126.975587 57.383942 9.032590 0.797529 1.744211 0.039164 366594.661527 0.997107 0.03948693158 77248.02143 1000000 
0 0 0   Model: 125.572136 61.005532 8.330693 0.936630 1.245698 0.046189 72331.224266 0.066060 0.1543136457 5123.026741 1000000 
0 0 0   Model: 120.379905 61.624561 9.088322 0.477914 1.577607 0.043896 258128.604045 0.056164 0.02102161667 10996.05131 1000000 
0 0 0   Model: 120.357637 59.158263 9.082061 0.819064 2.424406 0.043736 141154.240107 1.000000 0.03917919776 47513.36234 1000000 
0 0 0   Model: 126.946513 30.619659 9.039795 0.880484 2.183862 0.037296 -208162.950775 1.000000 0.02546184817 -57859.09427 1000000 
0 0 0   Model: 123.390904 32.192294 8.429000 0.799253 3.174682 0.030193 -168849.539799 0.587124 0.06321250318 -35487.85879 1000000 
0 0 0   Model: 123.866559 38.039638 8.419673 1.081071 6.721976 0.057142 -66904.194004 0.940675 0.06990194614 -103154.9081 1000000 
0 0 0   Model: 124.533870 42.008601 8.969935 0.654308 2.033682 0.042116 -130462.285872 0.622171 0.03956033817 -20760.73343 1000000 
0 0 0   Model: 121.639254 54.119188 8.915698 0.499401 1.225013 0.057813 160429.618631 0.000000 0.1275804455 6429.261731 1000000 
0 0 0   Model: 112.031028 45.380473 8.386901 0.480942 1.667608 0.040588 1249630.948362 0.978010 0.02278899315 155209.0736 1000000 
0 0 0   Model: 112.981494 45.337116 8.326239 0.914067 1.982867 0.031959 464571.237018 1.000000 0.02567299465 104299.2428 1000000 
0 0 0   Model: 123.357892 34.221024 8.838559 0.562806 1.748030 0.045167 -237681.440232 0.213026 0.02976205547 -18137.74116 1000000 
0 0 0   Model: 130.181147 58.502678 9.554025 0.454236 1.247610 0.063485 109512.337534 0.000000 0.1225512989 4464.38319 1000000 
0 0 0   Model: 120.642581 34.690750 8.418667 0.446139 1.713631 0.045016 -124893.729164 0.000000 0.02396559718 -4870.311858 1000000 
0 0 0   Model: 116.873724 56.263638 7.073643 0.750244 2.034777 0.062723 165840.574922 1.000000 0.02579681254 61546.04768 1000000 
0 0 0   Model: 123.504432 54.437430 8.626898 0.933717 2.226641 0.037500 149767.215471 1.000000 0.01749877715 45255.11212 1000000 
0 0 0   Model: 120.595480 55.589434 8.421067 0.702748 1.701702 0.052888 156312.458508 1.000000 0.04986554144 38317.0608 1000000 
0 0 0   Model: 122.012461 41.380043 7.398789 0.940463 2.394409 0.032926 -105281.184569 1.000000 0.0303277425 -30254.45886 1000000 
0 0 0   Model: 121.254055 40.379792 8.015275 0.467924 1.566834 0.044229 -286074.981805 0.000000 0.02457002882 -10511.19212 1000000 
0 0 0   Model: 119.712814 45.412389 7.689509 0.460282 1.593348 0.043738 176269.864389 0.094001 0.03653139858 7864.411095 1000000 
0 0 0   Model: 123.376376 56.757485 8.427001 0.529099 2.016445 0.052384 306318.319046 0.523870 0.04104145999 43995.70522 1000000 
0 0 0   Model: 123.496748 36.478179 8.624531 0.913235 2.561492 0.035649 -111656.576412 1.000000 0.03344164221 -36088.77191 1000000 
0 0 0   Model: 124.263324 29.762808 7.745620 0.480661 1.714558 0.038638 -269333.771469 0.141769 0.02961028908 -13052.19289 1000000 
0 0 0   Model: 122.248329 56.066121 8.361380 0.520001 1.711969 0.070338 319989.552061 0.000000 0.03816100862 22703.43108 1000000 
0 0 0   Model: 122.408000 57.206613 8.265485 0.984902 2.665438 0.054837 199871.706714 0.647879 0.08815162437 83730.49258 1000000 
0 0 0   Model: 129.558523 54.496113 9.963973 0.908016 2.108739 0.052653 183268.859038 1.000000 0.03181993399 71612.79655 1000000 
0 0 0   Model: 124.276564 47.134541 7.748643 0.473633 1.628318 0.036828 199069.073208 0.000000 0.02224320842 6406.653148 1000000 
0 0 0   Model: 118.406628 54.815843 8.533643 0.813795 2.141332 0.053523 191844.090296 0.920299 0.03009683639 65438.51171 1000000 
0 0 0   Model: 122.053124 32.120520 7.397945 0.496812 1.617118 0.043119 -160734.169006 0.000000 0.03046436902 -6309.242678 1000000 
0 0 0   Model: 115.064355 59.382779 8.909549 0.608075 1.738039 0.038547 311663.303002 0.407097 0.02717593114 28563.25043 1000000 
0 0 0   Model: 119.722147 31.349072 7.688564 0.478063 1.631838 0.045448 -358271.249402 0.110822 0.02104686261 -18254.16785 1000000 
0 0 0   Model: 126.201557 39.038060 8.448604 0.971938 2.461496 0.070939 -131569.318290 1.000000 0.02835916322 -86543.79885 1000000 
0 0 0   Model: 124.399411 61.625724 8.722753 0.468624 1.232070 0.073104 107923.962728 0.000000 0.1369974938 5161.596135 1000000 
0 0 0   Model: 118.140026 58.510202 8.363625 0.474023 1.247357 0.056434 239320.462881 0.224643 0.06439408771 13968.64547 1000000 
0 0 0   Model: 118.372092 56.605911 8.432373 0.476608 1.233698 0.038008 225123.991953 0.000000 0.1064447631 5700.769913 1000000 
0 0 0   Model: 117.236346 56.352778 8.344956 0.770682 2.091341 0.047778 280683.628970 1.000000 0.0704230123 83773.12151 1000000 
0 0 0   Model: 118.408266 60.388230 8.432305 0.435016 1.275366 0.078327 155739.180737 0.000000 0.1306776522 7668.518151 1000000 
0 0 0   Model: 120.242066 35.504173 7.833751 0.576607 1.683045 0.055213 -130876.323301 0.158091 0.0253939555 -10986.43036 1000000 
0 0 0   Model: 122.324795 62.359709 8.270733 0.907933 2.191095 0.044925 277925.064856 0.000000 0.08394894982 28144.55681 1000000 
0 0 0   Model: 125.791071 55.370729 9.158701 0.471195 1.251568 0.049096 82080.664112 0.000000 0.1842341815 2692.831347 1000000 
0 0 0   Model: 117.283506 54.987417 7.759763 0.806341 2.096859 0.046183 341886.193758 1.000000 0.03085215008 103469.6399 1000000 
0 0 0   Model: 126.955196 60.162647 9.038754 0.905085 2.243047 0.053142 118276.278795 0.893344 0.03639109501 45724.08426 1000000 
0 0 0   Model: 120.212843 63.896336 7.827658 0.819425 1.974204 0.065580 68728.941777 0.826506 0.0497576348 24790.58463 1000000 
0 0 0   Model: 124.259833 33.025906 8.715925 0.794814 2.557744 0.048287 -206331.670878 1.000000 0.02072987987 -78501.87159 1000000 
0 0 0   Model: 115.575913 42.189474 7.780436 1.053518 2.254967 0.044057 -80326.546571 0.826707 0.02681267202 -28588.95724 1000000 
0 0 0   Model: 131.232026 59.749002 9.160578 0.860684 6.296708 0.046404 98864.866952 0.716229 0.1150345952 77012.76093 1000000 
0 0 0   Model: 117.313609 59.055136 7.754676 0.822622 2.312524 0.041826 111939.951407 0.831835 0.05363049197 30412.59875 1000000 
0 0 0   Model: 114.666971 65.755460 8.630272 0.735041 1.925279 0.049894 -136119.797851 0.572585 0.02296708269 -25983.9323 1000000 
0 0 0   Model: 112.057267 36.411585 7.245251 0.771567 1.941504 0.048836 -348292.091587 1.000000 0.02745069099 -98753.94742 1000000 
0 0 0   Model: 121.957219 40.058319 7.838781 0.888923 2.058121 0.050264 -127143.203215 1.000000 0.03425854746 -45315.44113 1000000 
0 0 0   Model: 126.175726 61.058285 9.400915 0.464607 1.918277 0.055162 189731.795900 0.000000 0.04144242943 10569.27077 1000000 
0 0 0   Model: 122.220047 42.640546 8.353438 0.571188 1.835925 0.040385 -400946.060517 0.658745 0.02258844643 -49918.28153 1000000 
0 0 0   Model: 126.740001 58.332992 9.337323 1.048624 2.657659 0.046665 71152.980606 1.000000 0.03733156117 35863.96853 1000000 
0 0 0   Model: 122.503404 49.979254 7.773434 0.873477 2.037372 0.038593 156441.670156 1.000000 0.02358458849 41643.39098 1000000 
0 0 0   Model: 120.387492 34.891978 9.084130 0.772740 4.307881 0.048019 -172885.708003 1.000000 0.06061458099 -107109.3365 1000000 
0 0 0   Model: 118.425831 45.323910 8.532223 0.962222 2.278778 0.040491 154663.780852 0.928373 0.03653728667 50523.32451 1000000 
0 0 0   Model: 133.864120 47.153531 7.740482 0.752203 2.152983 0.037727 -204847.050771 0.910847 0.02052947653 -45448.10233 1000000 
0 0 0   Model: 130.488985 53.671029 8.598399 0.751424 1.915077 0.051811 127403.335974 1.000000 0.0364020229 36815.94016 1000000 
0 0 0   Model: 132.737989 37.213720 9.333093 1.315979 2.089257 0.045524 70985.631023 0.535760 0.03829086967 23123.05903 1000000 
0 0 0   Model: 117.297507 42.174681 7.758629 0.880206 2.260039 0.036329 -309809.107556 1.000000 0.03314907302 -86778.70432 1000000 
0 0 0   Model: 116.491160 62.120061 8.440835 0.888525 2.415861 0.054720 163123.773445 0.703900 0.03930722769 58700.82293 1000000 
0 0 0   Model: 116.901973 59.322798 8.453950 0.811864 2.129657 0.048169 153703.221158 0.824917 0.05494561812 43466.62333 1000000 
0 0 0   Model: 122.272599 54.323670 9.235057 0.492612 1.799008 0.040785 313437.702247 0.005782 0.02109234858 13016.40756 1000000 
0 0 0   Model: 121.950462 55.013198 9.168862 0.676719 1.978891 0.039796 367840.290418 0.903987 0.01747448885 70816.53553 1000000 
0 0 0   Model: 122.280967 36.506136 9.234408 0.483883 1.925781 0.043783 -271327.779201 0.079710 0.02002560125 -14963.49381 1000000 
0 0 0   Model: 121.957534 35.911690 9.167686 0.593528 1.935036 0.041434 -260596.140207 0.614793 0.02635793953 -34961.76558 1000000 
0 0 0   Model: 119.661812 41.403840 7.173832 0.445328 1.622907 0.039526 -253188.654641 0.013844 0.04554979596 -8469.931587 1000000 
0 0 0   Model: 132.639701 45.364744 9.334872 0.671051 2.029942 0.044028 -395842.931126 0.784477 0.02344835507 -77979.45697 1000000 
0 0 0   Model: 116.602097 71.379244 8.444924 2.366740 5.721431 0.058535 -93479.114376 1.000000 0.1494170044 -287176.2265 1000000 
0 0 0   Model: 129.783770 39.667798 9.561197 2.450287 2.570357 0.052838 -65424.302486 0.655733 0.0514783974 -63826.23566 1000000 
0 0 0   Model: 115.130578 31.861690 8.908955 0.759856 1.969062 0.034436 -207894.611408 0.816156 0.0280225472 -36114.46164 1000000 
0 0 0   Model: 124.265610 59.145094 7.743410 0.466311 1.546918 0.043564 409376.207179 0.000000 0.02841451886 14576.62741 1000000 
0 0 0   Model: 121.251797 58.346544 8.014223 0.496157 1.945189 0.042309 383383.271459 0.330595 0.03334701261 31932.42308 1000000 
0 0 0   Model: 124.253095 54.726755 8.717396 0.850339 2.374623 0.045387 152124.975803 1.000000 0.02107402122 54035.46566 1000000 
0 0 0   Model: 119.662367 56.905558 7.180417 0.539499 1.746216 0.053149 367056.826616 1.000000 0.0438555395 71232.71237 1000000 
0 0 0   Model: 121.380808 54.757552 9.056927 0.460668 1.233991 0.045877 62831.191280 0.000000 0.1299523515 1856.678699 1000000 
0 0 0   Model: 117.251635 42.539084 8.347479 0.622639 1.961890 0.038168 -187166.998943 0.464317 0.0367405717 -21001.00146 1000000 
0 0 0   Model: 126.809149 33.543752 9.337625 0.944791 2.425612 0.050618 -152387.879795 1.000000 0.02028805964 -68513.45035 1000000 
0 0 0   Model: 126.165735 34.219579 9.402063 0.956798 2.284555 0.041391 -135771.467005 1.000000 0.02247636751 -47609.33045 1000000 
0 0 0   Model: 124.264048 60.320373 7.964448 0.155299 1.503844 0.036431 1186662.402379 0.220403 0.0124611152 17543.57204 1000000 
0 0 0   Model: 123.966634 60.428478 7.963861 0.669801 4.038943 0.046036 361835.640300 1.000000 0.07568604883 174657.3681 1000000 
0 0 0   Model: 118.483256 28.666752 9.390571 0.491631 1.695867 0.035424 -389225.211175 0.342551 0.03103257243 -23825.94822 1000000 
0 0 0   Model: 107.350313 70.244319 7.808910 0.476568 1.624840 0.039515 -243705.769227 0.000000 0.01867148095 -8449.478465 1000000 
0 0 0   Model: 121.747067 37.013986 8.915808 0.572044 1.699532 0.053243 -178317.483703 0.408526 0.02409185328 -20801.01843 1000000 
0 0 0   Model: 115.541189 57.156632 7.780173 0.477668 1.636974 0.041210 294579.713636 0.170945 0.01782315441 15206.10661 1000000 
0 0 0   Model: 115.558536 54.887844 7.779133 1.089578 2.196050 0.047140 105444.945293 0.919080 0.02323273015 43457.35821 1000000 
0 0 0   Model: 125.038792 38.901027 8.241393 0.474297 1.618500 0.037748 -131902.204201 0.000000 0.05053756562 -4330.882297 1000000 
0 0 0   Model: 127.534710 38.435109 8.372136 0.877723 2.495369 0.040659 -139944.536382 1.000000 0.03714317751 -48302.2996 1000000 
0 0 0   Model: 119.290434 40.213638 8.662869 1.033652 2.398425 0.032763 -131069.717062 1.000000 0.02754847119 -41261.76108 1000000 
0 0 0   Model: 119.272701 55.623854 8.665587 0.803460 2.068195 0.047253 259466.116388 1.000000 0.0263780233 78963.39156 1000000 
0 0 0   Model: 121.953636 56.595077 7.842526 1.211388 2.508890 0.044436 79492.921750 1.000000 0.03628756111 41609.11031 1000000 
0 0 0   Model: 118.468070 63.758089 9.390098 0.824282 2.222405 0.029631 131683.488386 0.857125 0.02543992757 24902.32003 1000000 
0 0 0   Model: 129.586085 61.070933 9.561607 0.868324 2.261992 0.036358 157069.927071 0.859325 0.07139771902 39145.78907 1000000 
0 0 0   Model: 124.063088 38.986513 7.963962 0.449918 1.589229 0.040104 -457572.569240 0.000000 0.01257069612 -14867.13213 1000000 
0 0 0   Model: 124.547962 55.980581 8.972613 0.625567 1.940815 0.049762 179807.035120 1.000000 0.03731855561 42104.13498 1000000 
0 0 0   Model: 120.245634 53.925659 7.832849 0.461604 1.593909 0.056713 188415.228543 0.064557 0.03423800064 10300.44166 1000000 
0 0 0   Model: 120.144521 57.443226 7.552800 0.176519 1.689571 0.039500 1786293.327520 0.731964 0.00873417192 66090.52411 1000000 
0 0 0   Model: 120.504691 57.375154 7.559131 0.672707 2.902989 0.046330 251356.419797 0.947605 0.04192842078 84874.13154 1000000 
0 0 0   Model: 115.547741 26.754511 7.780260 0.514446 1.641746 0.040024 -292026.418746 0.216798 0.03761984938 -17055.39566 1000000 
0 0 0   Model: 116.491265 55.797087 8.443574 1.093390 2.376128 0.046305 85532.851156 1.000000 0.04337088039 39881.17764 1000000 
0 0 0   Model: 123.910554 60.379180 8.421008 2.580364 2.892971 0.051078 73152.193599 1.000000 0.09197319362 108105.0307 1000000 
0 0 0   Model: 115.292015 41.795687 8.093009 0.555485 1.962599 0.039337 -328085.835247 0.533784 0.02771829535 -36540.68968 1000000 
0 0 0   Model: 125.741431 31.303895 8.787577 0.496707 1.768827 0.038653 -148058.973493 0.263240 0.01457531635 -9327.414042 1000000 
0 0 0   Model: 130.493455 44.641038 8.598806 1.069466 2.652083 0.058001 -85537.472974 1.000000 0.03588071915 -54538.58447 1000000 
0 0 0   Model: 120.614852 44.882410 8.419660 0.494674 1.659033 0.044342 229380.963263 0.364934 0.03908367646 17813.12357 1000000 
0 0 0   Model: 125.775768 37.092608 8.789731 0.539114 0.822361 0.046828 -239184.788742 0.319280 0.1535320426 -9975.059032 1000000 
0 0 0   Model: 115.271744 54.388069 8.097088 0.748794 2.558551 0.026499 286643.425606 1.000000 0.04880128615 56400.23336 1000000 
0 0 0   Model: 125.106221 61.001074 8.237424 0.488170 1.240706 0.043012 155597.594436 0.000000 0.1112090054 4593.024634 1000000 
0 0 0   Model: 114.675802 57.475159 8.627337 0.708877 1.853410 0.046100 141771.979738 0.617060 0.03487699097 24262.21964 1000000 
0 0 0   Model: 129.560274 36.969840 9.969076 0.835184 2.852938 0.049595 -198197.004191 1.000000 0.02335601368 -90775.62911 1000000 
0 0 0   Model: 118.486414 58.421738 9.385648 0.420783 1.601331 0.043914 476820.932251 0.000000 0.0292405883 15986.99011 1000000 
0 0 0   Model: 119.714112 53.544724 7.689216 0.464148 1.558448 0.044324 541311.599256 0.065932 0.02276598319 22803.7432 1000000 
0 0 0   Model: 114.593949 45.315570 9.682066 0.855438 2.341811 0.050574 282886.397491 1.000000 0.02516579037 111080.2348 1000000 
0 0 0   Model: 123.341844 60.250193 8.834375 0.519149 1.892950 0.047942 240320.947192 0.000000 0.04477603144 12829.29441 1000000 
0 0 0   Model: 120.340529 30.293942 7.557952 0.805152 2.025100 0.041169 -281518.505414 0.798215 0.04198741029 -62783.16262 1000000 
0 0 0   Model: 120.557596 54.923412 8.279333 0.936681 2.458057 0.040288 118924.765576 1.000000 0.02521901108 42755.32421 1000000 
0 0 0   Model: 121.969986 60.429113 7.842470 0.745657 1.879968 0.041867 140248.544438 0.000000 0.04582159729 9326.628011 1000000 
0 0 0   Model: 125.748989 53.530243 8.786930 0.548728 1.684573 0.036903 214858.627182 0.264234 0.02894254957 13616.40905 1000000 
0 0 0   Model: 124.082135 32.909636 7.964956 0.462314 1.778596 0.036328 -157978.023879 0.227601 0.02039177095 -8292.914781 1000000 
0 0 0   Model: 116.266132 53.922283 7.960158 0.951339 2.380672 0.067519 85588.245799 1.000000 0.02968377013 50726.4322 1000000 
0 0 0   Model: 121.638690 59.761882 8.927774 0.434898 1.268823 0.067191 88516.692393 0.000000 0.1590415022 3718.66096 1000000 
0 0 0   Model: 107.354848 61.645051 7.811151 0.480047 1.603157 0.044347 282612.501001 0.049663 0.03244308707 12242.81418 1000000 
0 0 0   Model: 118.378834 39.759920 8.431625 0.459984 1.241171 0.035457 -307596.485019 0.000000 0.1328457369 -7055.363498 1000000 
0 0 0   Model: 116.897045 30.218471 7.074723 0.916855 2.436623 0.045919 -112790.329247 1.000000 0.03901308928 -44844.7076 1000000 
0 0 0   Model: 107.337600 58.463787 7.808777 0.840491 2.588005 0.050684 91544.212865 1.000000 0.0348453969 39116.58606 1000000 
0 0 0   Model: 119.983160 40.965148 8.991738 0.498077 1.616046 0.040988 -209310.417337 0.000000 0.02867702851 -7824.601541 1000000 
